# Number of parameters = 298 Objective function value = 37719.1783246950  Maximum gradient component = 0.00230656987653643
# Linf:
800.000000000
# K:
0.150000000000
# t0:
-0.330000000000
# len_cv_val:
0.150000000000
# M_logit:
0.00000000000
# log_Nage_dev:
 0.00000000000 0.00000000000 0.00000000000 0.00000000000 0.00000000000 0.00000000000 0.00000000000 0.00000000000 0.00000000000 0.00000000000 0.00000000000 0.00000000000 0.00000000000 0.00000000000 0.00000000000 0.00000000000 0.00000000000 0.00000000000 0.00000000000
# log_R0:
13.1223633774
# steep:
0.700000000000
# rec_sigma:
0.300000000000
# R_autocorr:
0.00000000000
# log_rec_dev:
 -0.0257772258069 -0.0206907359001 -0.0877122974886 0.292697439567 -0.0509245173385 0.0506469653697 0.179059661544 0.224034664005 0.619188901731 0.429565132989 -0.301247463777 0.473364888081 -0.202081878154 0.124398137290 -0.483629084585 -0.127532576389 -0.310020478219 -0.108972450861 -0.0514671410828 0.489568837253 -0.276802564380 -0.766795119060 0.200866218250 0.277500783605 -0.0540272770682 -0.101233171705 0.125690346784 -0.213563982763 0.000480488398068 0.484003877304 0.670999743398 -0.153059943691 0.287181815793 0.185428186503 0.0830446318475 0.186622323696 0.0291502863011 0.414855686876 -0.103777236834 0.309590866930 0.170017479905 0.333284686447 -0.0466686759706 0.582413111294 -0.405185626023 -0.172581733196 0.0152983382115 -0.257596547591 0.146848430478 -0.305343064803 -0.0139791480282 -0.0301544828621 0.0456564369534 -0.0400453109889 -0.0483090369307 -0.0903169653654 -0.171473753993 0.172787312048 -0.624900428283 -0.129566251013 -0.377756715297 -0.146196907812 0.0714647410374 -0.0151309523762 -0.178539775790 -0.277219164238 -0.209599614406 -0.537671687430 -0.126134296349 -0.0320251360417
# log_dm_fleet1_ac:
1.99398073458
# log_dm_fleet2_ac:
4.79368997903
# log_dm_fleet3_lc:
5.99999331993
# log_dm_survey1_ac:
5.30955690776
# selpar_A50_survey1:
1.90282566132
# selpar_slope_survey1:
2.46235250503
# selpar_A50_fleet1_B1:
2.71170365273
# selpar_slope_fleet1_B1:
4.85500329851
# selpar_A50_fleet2_B1:
3.30183553305
# selpar_slope_fleet2_B1:
2.78292074863
# selpar_A50_asc_fleet3_B1:
2.67306037426
# selpar_slope_asc_fleet3_B1:
4.34867143470
# selpar_A50_dsc_fleet3_B1:
5.04609923977
# selpar_slope_dsc_fleet3_B1:
0.883173757361
# log_q_survey1:
-14.5522281902
# log_avg_F_fleet1:
-3.21000221280
# log_F_dev_fleet1:
 -3.28388269064 -2.61237100846 -2.97088317782 -2.48945701565 -2.36227636784 -2.60343835452 -1.73864361039 -1.64922814018 -1.05836603357 -0.802624933558 -1.31938814228 -1.09653844222 -0.740599558795 -0.497174526417 -0.159887759157 -0.828777951203 0.161730670602 0.0241646234381 0.185927893592 -0.326601134948 0.230740472658 0.274782120621 0.789593933201 0.314019427045 0.476703099350 0.193918453416 0.151535847888 0.631048986816 1.13974640604 0.739455256513 0.786738489860 0.816944276658 1.15774074410 0.786907021816 0.817697728938 0.969919818635 0.906309093778 1.09575603329 0.696507319816 1.52778046829 0.883412133372 0.809669499546 0.581674605886 0.167536903080 0.909346383869 1.65587621834 0.742964066330 0.926204323061 0.969329141686 0.955882412557 0.840424689068 1.16865759721 0.518616978890 0.988042258672 0.593016826597 0.692339012620 0.576566388508 0.191577424730 0.387604676779 0.415992568697 0.0451365333054 0.497481668541 0.215428120945 -0.445612586392 -0.419762859085 -0.0553539319444 -0.744621735886 -0.681581591223 -0.793261532098 -0.928115534382
# log_avg_F_fleet2:
-3.68276457078
# log_F_dev_fleet2:
 -1.55372427297 -1.13021365506 -1.23794229749 -1.51833002585 -0.660189018452 -0.774427684850 -0.559445757122 -0.499005769848 -0.330350667923 -0.425329361923 -0.657450281810 -0.595117226683 -0.414803753110 0.664193756055 -0.311222509335 -0.326444866172 -0.202010940266 -0.146586486028 0.0488344345438 0.123988485267 0.144304672125 0.0492926894733 0.150805283480 0.526683931018 0.0360804159439 0.420672599917 0.468892448059 0.00947914639547 0.376827057137 -0.0592149717443 0.350539913939 0.381497005549 -0.156277601037 0.0698079540086 0.271354818440 0.387899531404 0.104003640696 1.01137404817 0.540231161901 0.762507135892 0.707007519921 0.436983458134 0.652795919759 0.510446480040 0.230385890199 0.634334482305 0.429390786461 1.10526229277 0.750196913364 0.352330344843 0.127553774454 0.124983496030 0.166684785124 0.452195521877 0.243429964591 0.109463001132 -0.0547771023558 -0.0614477902754 0.345438401185 -0.0806495153055 0.168134580419 -0.288978564757 -0.242361935709 0.176942573693 -0.283167325473 -0.267221306700 -0.635270524992 -0.140168455572 -0.543088892010 -0.468011754877
# log_avg_F_fleet3:
-5.93701299859
# log_F_dev_fleet3:
 -6.14741689449 -6.17305731428 -5.66311744460 -5.74628276779 -5.47792021192 -4.99140812387 -5.44125329849 -5.30593560360 -3.97590448511 -4.35967201452 -4.25400363546 -3.98126505224 -4.35928120086 -3.51897905200 -3.26258063314 -3.17548787308 -2.73830375415 -2.89618966248 -2.34945673114 -2.11179818692 -2.59392385690 -1.82084680611 -2.37257358396 -1.96888552266 -1.33548268782 -1.24406322366 -1.21526676399 -0.500905382959 -0.754933133538 -0.301570221287 -0.0234454046007 -0.155223468920 0.341772013752 0.578205763080 0.738510164698 0.651612420794 0.598108143399 1.29520504677 1.45795458126 1.94958509983 1.26467277375 1.44547316425 2.09011898498 1.70867077308 2.68388842407 2.28408409401 2.62007086455 2.27217747228 2.34183789554 2.61082090241 2.95312661663 2.99190629333 2.74199718526 3.39221678234 3.64299578703 3.47229817782 3.75115294053 3.49360986688 3.95123889282 3.58111565424 3.55571766998 4.17162366475 3.36266912695 3.30094493647 3.53388304556 3.67149533517 4.06638864416 3.92330059798 3.72759974709 3.99838444906
# F_init:
0.00000000000
