#######GENERAL HEADER INPUT#######
1
70
1
70
5
67
60
3
0.4
20
1	2	3	4	5	6	7	8	9	10	11	12	13	14	15	16	17	18	19	20
20
1	2	3	4	5	6	7	8	9	10	11	12	13	14	15	16	17	18	19	20
27
30
210	240	270	300	330	360	390	420	450	480	510	540	570	600	630	660	690	720	750	780	810	840	870	900	930	960	990
1
1001
3
1
#######SURVEY DATA#######
50
21	22	23	24	25	26	27	28	29	30	31	32	33	34	35	36	37	38	39	40	41	42	43	44	45	46	47	48	49	50	51	52	53	54	55	56	57	58	59	60	61	62	63	64	65	66	67	68	69	70
2.50380957270631	1.72731968565819	1.13115127936308	1.76062118706625	0.910282895822433	1.93474606290119	0.931561180494152	0.739254950463233	1.91273600335683	1.4485226114656	1.94787957367082	0.596907030085282	1.29845460669598	0.866930501247116	1.01112222823764	0.728672419691822	0.77816218851432	1.54238690211248	1.21529054804036	0.920495897813592	1.29119697604821	1.48919107230593	1.3637094077588	2.03186436325226	1.03804565533738	0.693861512995669	1.05794599550642	1.38503230782308	0.664366233666305	0.506416292564195	0.90731216647496	0.6507757517625	0.694831162050189	0.937608534841346	0.733641073439566	0.638696299536454	0.770289207891351	0.517361128837426	1.35269449720581	0.76569255826959	0.759860379228993	0.874646614758127	0.451413872131689	1.05901299747477	0.713228361783561	0.728785592560034	0.44752328550066	0.893067208460396	0.768908591461172	1.02426305922994
0.1	0.1	0.1	0.1	0.1	0.1	0.1	0.1	0.1	0.1	0.1	0.1	0.1	0.1	0.1	0.1	0.1	0.1	0.1	0.1	0.1	0.1	0.1	0.1	0.1	0.1	0.1	0.1	0.1	0.1	0.1	0.1	0.1	0.1	0.1	0.1	0.1	0.1	0.1	0.1	0.1	0.1	0.1	0.1	0.1	0.1	0.1	0.1	0.1	0.1
50
21	22	23	24	25	26	27	28	29	30	31	32	33	34	35	36	37	38	39	40	41	42	43	44	45	46	47	48	49	50	51	52	53	54	55	56	57	58	59	60	61	62	63	64	65	66	67	68	69	70
100	100	100	100	100	100	100	100	100	100	100	100	100	100	100	100	100	100	100	100	100	100	100	100	100	100	100	100	100	100	100	100	100	100	100	100	100	100	100	100	100	100	100	100	100	100	100	100	100	100
100	100	100	100	100	100	100	100	100	100	100	100	100	100	100	100	100	100	100	100	100	100	100	100	100	100	100	100	100	100	100	100	100	100	100	100	100	100	100	100	100	100	100	100	100	100	100	100	100	100
0	0.11	0.09	0.06	0.02	0.05	0.02	0.03	0.02	0.06	0.01	0.05	0.05	0.02	0.01	0.02	0.03	0.03	0.01	0.31
0	0.03	0.16	0.13	0.01	0.05	0.04	0.03	0.09	0.01	0.07	0.01	0.01	0.03	0.02	0.03	0.01	0.01	0.04	0.22
0.02	0.03	0.09	0.09	0.09	0.08	0.03	0.05	0.02	0.05	0.02	0.06	0.01	0.04	0.04	0.05	0.02	0.02	0	0.19
0.02	0.06	0.05	0.12	0.09	0.08	0.05	0.02	0.02	0	0.05	0.02	0.03	0.03	0.04	0.05	0.02	0.03	0.02	0.2
0.01	0.12	0.19	0.03	0.02	0.1	0.02	0.02	0.04	0.02	0.02	0.03	0.03	0.01	0.01	0.04	0.06	0.02	0.02	0.19
0	0.06	0.17	0.14	0.03	0.04	0.08	0.04	0.05	0.02	0.02	0.02	0.03	0.01	0.04	0.02	0.02	0.03	0.01	0.17
0	0.12	0.05	0.14	0.1	0.04	0.02	0.05	0.03	0.02	0.03	0.03	0.01	0.02	0.01	0.02	0	0.05	0.02	0.24
0	0.11	0.13	0.08	0.15	0.11	0.01	0.03	0.1	0.04	0.02	0	0.01	0.01	0	0.01	0.02	0.01	0	0.16
0.01	0.07	0.18	0.07	0.06	0.11	0.03	0.02	0.04	0.05	0.03	0.05	0.01	0	0.02	0.01	0.01	0.02	0.01	0.2
0.04	0.07	0.11	0.12	0.1	0.11	0.06	0.03	0	0.03	0.08	0.02	0.01	0.01	0.01	0	0.02	0.01	0.02	0.15
0.03	0.15	0.14	0.07	0.19	0.02	0.04	0.05	0.07	0.01	0.01	0.01	0.02	0.03	0	0	0.01	0.02	0.01	0.12
0.02	0.14	0.15	0.09	0.07	0.05	0.05	0.07	0.05	0.06	0.02	0.01	0.06	0	0	0.02	0.03	0	0.02	0.09
0.06	0.06	0.23	0.17	0.1	0.06	0.03	0.02	0.03	0.04	0.04	0	0.01	0.02	0	0.01	0.02	0.01	0	0.09
0.02	0.15	0.05	0.19	0.19	0.03	0	0.03	0.02	0.03	0.02	0.02	0.03	0.01	0.04	0	0.04	0	0.01	0.12
0.01	0.1	0.19	0.07	0.12	0.09	0.07	0.05	0.02	0.03	0.02	0.04	0.02	0.01	0.03	0.03	0	0.02	0.01	0.07
0.02	0.1	0.15	0.1	0.06	0.18	0.05	0.02	0.02	0.02	0	0.04	0.04	0.02	0	0.01	0.03	0	0	0.14
0	0.11	0.11	0.16	0.1	0.03	0.13	0.07	0.02	0.04	0.02	0.03	0.01	0.01	0.01	0	0.01	0.04	0	0.1
0.03	0.07	0.16	0.09	0.07	0.08	0.07	0.13	0.09	0.06	0.02	0	0.01	0	0	0.01	0	0	0.03	0.08
0.03	0.21	0.11	0.1	0.05	0.09	0.08	0.05	0.05	0.06	0.03	0.01	0.01	0.01	0.03	0.01	0	0	0	0.07
0.02	0.09	0.19	0.11	0.12	0.06	0.13	0.04	0.04	0.06	0.04	0.01	0.01	0.01	0	0.01	0	0	0	0.06
0.05	0.1	0.12	0.18	0.09	0.11	0.04	0.09	0	0.02	0.01	0.05	0.01	0.02	0.02	0	0	0	0.01	0.08
0.04	0.1	0.15	0.09	0.15	0.08	0.07	0.02	0.02	0.03	0.05	0.07	0.01	0	0.01	0.03	0.04	0	0	0.04
0.02	0.15	0.13	0.14	0.09	0.07	0	0.07	0.04	0.05	0.05	0.04	0.03	0.02	0.01	0.01	0.01	0.01	0.01	0.05
0.04	0.09	0.21	0.1	0.11	0.07	0.11	0.04	0.03	0.02	0.04	0	0.01	0.04	0.02	0.02	0.02	0	0	0.03
0.03	0.21	0.18	0.07	0.09	0.06	0.05	0.04	0.05	0.04	0.01	0.04	0.02	0.01	0.01	0.02	0.02	0	0	0.05
0.01	0.04	0.25	0.07	0.17	0.09	0.1	0.02	0.07	0.01	0.01	0.03	0.02	0.02	0.01	0.02	0.01	0	0.01	0.04
0.02	0.07	0.13	0.27	0.11	0.08	0.08	0.04	0.01	0.03	0.02	0.02	0.01	0.02	0.01	0	0.02	0.01	0	0.05
0.01	0.12	0.13	0.08	0.18	0.1	0.07	0.06	0.06	0.02	0.01	0.02	0.03	0.02	0.01	0	0.03	0.02	0.01	0.02
0.02	0.18	0.11	0.14	0.05	0.14	0.05	0.08	0.05	0.06	0.05	0.02	0	0	0	0.02	0.01	0	0	0.02
0.03	0.08	0.2	0.13	0.06	0.08	0.1	0.03	0.05	0.02	0.03	0.02	0.04	0.03	0	0.02	0	0.02	0	0.06
0.04	0.08	0.19	0.1	0.09	0.1	0.03	0.07	0.03	0.07	0.01	0.03	0.02	0.05	0	0	0.01	0.03	0	0.05
0.02	0.14	0.12	0.18	0.09	0.06	0.07	0.04	0.07	0.02	0.02	0.04	0.04	0	0.01	0.03	0.01	0	0.01	0.03
0.03	0.11	0.18	0.13	0.15	0.06	0.09	0.07	0.01	0.05	0.01	0.04	0	0	0.02	0.02	0.01	0	0.01	0.01
0.03	0.1	0.15	0.15	0.07	0.13	0.06	0.06	0.02	0.01	0.07	0.02	0.02	0.01	0.03	0.01	0	0.01	0.02	0.03
0.03	0.09	0.18	0.1	0.07	0.11	0.11	0.01	0.1	0.03	0.03	0.03	0	0.03	0.01	0.03	0	0	0.02	0.02
0.02	0.13	0.2	0.14	0.09	0.05	0.05	0.06	0.04	0.05	0	0.02	0.06	0.02	0.03	0.01	0	0	0.01	0.02
0.01	0.12	0.2	0.11	0.12	0.04	0.08	0.03	0.06	0.02	0.01	0.04	0.03	0.05	0	0.03	0	0	0	0.05
0.05	0.14	0.12	0.12	0.08	0.15	0.03	0.13	0.01	0.01	0.01	0	0.04	0.01	0.01	0.01	0	0.01	0.01	0.06
0.01	0.19	0.13	0.08	0.14	0.12	0.04	0.03	0.09	0.04	0.04	0.01	0.02	0	0.01	0.01	0.01	0.01	0.01	0.01
0.01	0.06	0.19	0.13	0.11	0.07	0.06	0.04	0.04	0.05	0.02	0.04	0.04	0.01	0	0.01	0.02	0.01	0.01	0.08
0.02	0.16	0.15	0.16	0.07	0.08	0.07	0.06	0.04	0.01	0.05	0.01	0.03	0.02	0	0	0.01	0.01	0	0.05
0.02	0.1	0.15	0.05	0.1	0.1	0.07	0.06	0.09	0.05	0.03	0.04	0.01	0.05	0.02	0	0	0.01	0.01	0.04
0.06	0.08	0.12	0.12	0.07	0.06	0.03	0.08	0.04	0.06	0.07	0.04	0.05	0	0.01	0.01	0.02	0	0	0.08
0.05	0.14	0.18	0.09	0.11	0.06	0.08	0.07	0.02	0.01	0.02	0.04	0.03	0.02	0.03	0	0	0.01	0	0.04
0.03	0.08	0.21	0.1	0.12	0.07	0.03	0.08	0.04	0.01	0.03	0.02	0.03	0.05	0.01	0.01	0.02	0	0	0.06
0.05	0.13	0.15	0.18	0.12	0.06	0.05	0.05	0.04	0.01	0.01	0.05	0.01	0.02	0	0	0	0	0.01	0.06
0.04	0.08	0.14	0.12	0.07	0.12	0.09	0.05	0.03	0.04	0.03	0.02	0.04	0.01	0.01	0.04	0.01	0.01	0.01	0.04
0.02	0.11	0.12	0.11	0.18	0.1	0.09	0.02	0.07	0.01	0.06	0.01	0	0.02	0	0	0	0.01	0.01	0.06
0.02	0.05	0.25	0.09	0.06	0.09	0.11	0.06	0.02	0.03	0	0.06	0	0.03	0.02	0.01	0	0.02	0	0.08
0.04	0.1	0.11	0.07	0.1	0.04	0.05	0.09	0.08	0.02	0.04	0.03	0.05	0.02	0.01	0.01	0	0.04	0.01	0.09
#######FLEET 1 DATA#######
1
70
50.6876106032268	98.3479035405003	68.0182364519968	109.111475870353	122.336479788209	94.8242454344137	221.7958725293	237.892706079243	420.160150803772	528.740858169567	309.844611570489	383.727462458924	538.561315766427	662.628703074233	887.553282443331	441.055867736026	1149.39111889119	949.78168811649	1056.32817300163	598.410419364364	988.825727775112	975.946803689471	1524.92808597216	862.370225769841	954.90172900011	679.254252554355	622.932627972104	965.518989099782	1473.74893766053	896.246309049724	876.477497659376	867.107018237917	1176.13400078375	779.220057383548	786.449284150934	897.193424035999	817.056523412729	933.373005466369	587.335168249446	1292.35341030531	610.614230368643	555.654853503798	442.432952980268	299.582278206467	635.018416705209	1274.49409875828	478.903734869787	550.201908224274	551.813552673996	530.614087936333	467.266000435367	633.982262181571	325.732683129902	516.610098378129	341.82712022309	378.653133645472	337.243256257697	233.304747236221	284.842173117482	294.471100214718	205.264621031379	320.786397445385	241.421075184586	127.630806044921	137.026508268286	205.599178326211	106.560552894292	116.238027030077	106.657698522604	95.196115305887
0.05	0.05	0.05	0.05	0.05	0.05	0.05	0.05	0.05	0.05	0.05	0.05	0.05	0.05	0.05	0.05	0.05	0.05	0.05	0.05	0.05	0.05	0.05	0.05	0.05	0.05	0.05	0.05	0.05	0.05	0.05	0.05	0.05	0.05	0.05	0.05	0.05	0.05	0.05	0.05	0.05	0.05	0.05	0.05	0.05	0.05	0.05	0.05	0.05	0.05	0.05	0.05	0.05	0.05	0.05	0.05	0.05	0.05	0.05	0.05	0.05	0.05	0.05	0.05	0.05	0.05	0.05	0.05	0.05	0.05
44
27	28	29	30	31	32	33	34	35	36	37	38	39	40	41	42	43	44	45	46	47	48	49	50	51	52	53	54	55	56	57	58	59	60	61	62	63	64	65	66	67	68	69	70
100	100	100	100	100	100	100	100	100	100	100	100	100	100	100	100	100	100	100	100	100	100	100	100	100	100	100	100	100	100	100	100	100	100	100	100	100	100	100	100	100	100	100	100
100	100	100	100	100	100	100	100	100	100	100	100	100	100	100	100	100	100	100	100	100	100	100	100	100	100	100	100	100	100	100	100	100	100	100	100	100	100	100	100	100	100	100	100
0	0	0.05	0.15	0.09	0.03	0.05	0.09	0.05	0.02	0.03	0.03	0.01	0	0.06	0.05	0.02	0.01	0.02	0.24
0	0	0.13	0.11	0.14	0.11	0.01	0.04	0.08	0	0.02	0.03	0	0.01	0.01	0.02	0.01	0	0.04	0.24
0	0	0.12	0.08	0.1	0.11	0.09	0.03	0.02	0.07	0.01	0.03	0.01	0.03	0.01	0.02	0	0.03	0	0.24
0	0	0.08	0.07	0.06	0.13	0.04	0.09	0	0.05	0.05	0.02	0.05	0	0.02	0.01	0.02	0	0.03	0.28
0	0	0.14	0.07	0.09	0.11	0.08	0.08	0.07	0.02	0.04	0	0.07	0.02	0.03	0.01	0	0	0.01	0.16
0	0.05	0.2	0.1	0.06	0.1	0.05	0.05	0.04	0.06	0.02	0.01	0.04	0.01	0.01	0.02	0	0	0.01	0.17
0	0.01	0.24	0.13	0.09	0.01	0.05	0.03	0.02	0.09	0.03	0.04	0.06	0.02	0.03	0.01	0	0	0.01	0.13
0	0.01	0.08	0.29	0.17	0.07	0.09	0.03	0.04	0.05	0.03	0.01	0.01	0	0.02	0	0	0	0.02	0.08
0	0.01	0.22	0.07	0.13	0.12	0.09	0.03	0.04	0.02	0.04	0.03	0.01	0.02	0.01	0.02	0	0	0.01	0.13
0	0.01	0.12	0.13	0.07	0.23	0.08	0.06	0.01	0.09	0.02	0.02	0.02	0	0	0.02	0	0.01	0	0.11
0	0	0.15	0.15	0.14	0.06	0.13	0.09	0.04	0.04	0.02	0.01	0.02	0.02	0.01	0	0	0	0	0.12
0	0.01	0.15	0.16	0.08	0.14	0.08	0.07	0.06	0.04	0.02	0.04	0	0.01	0.03	0.01	0	0	0.03	0.07
0	0.01	0.1	0.18	0.09	0.02	0.11	0.03	0.13	0.09	0.01	0.01	0.05	0	0.04	0.01	0	0.01	0	0.11
0	0	0.13	0.2	0.1	0.12	0.09	0.09	0.03	0.04	0.04	0.02	0.02	0.02	0.01	0.01	0	0.02	0	0.06
0	0	0.2	0.18	0.13	0.1	0.03	0.05	0.08	0.03	0.04	0.04	0.01	0	0.03	0.02	0	0.02	0	0.04
0	0.01	0.21	0.12	0.22	0.07	0.08	0.01	0.09	0.03	0.03	0.04	0.03	0.02	0	0	0.01	0	0.02	0.01
0	0.02	0.17	0.2	0.09	0.1	0.05	0.09	0.1	0	0.01	0.07	0.01	0.01	0.01	0.02	0.01	0	0	0.04
0	0.01	0.17	0.14	0.15	0.07	0.06	0.08	0.01	0.05	0.05	0.02	0.01	0.03	0.06	0	0	0	0	0.09
0	0	0.12	0.22	0.14	0.14	0.05	0.13	0.03	0.01	0.01	0.03	0.01	0	0.03	0.01	0	0	0	0.07
0	0	0.23	0.06	0.1	0.08	0.1	0.09	0.05	0.03	0.03	0.06	0.06	0.01	0.01	0.02	0.02	0	0.01	0.04
0	0.01	0.11	0.25	0.09	0.08	0.03	0.09	0.05	0.04	0.02	0.01	0.02	0.02	0.03	0.02	0.03	0.01	0.02	0.07
0	0	0.09	0.06	0.15	0.09	0.12	0.03	0.07	0.01	0.09	0.08	0.02	0.03	0.02	0.02	0.01	0.01	0.04	0.06
0	0	0.17	0.17	0.08	0.19	0.04	0.05	0.04	0.07	0.04	0.02	0.03	0.02	0	0.01	0	0.01	0	0.06
0	0.02	0.15	0.22	0.09	0.07	0.08	0.05	0.07	0.09	0.04	0.04	0	0	0.01	0.01	0	0.01	0.01	0.04
0	0.01	0.2	0.08	0.16	0.04	0.03	0.12	0.05	0.09	0.03	0.03	0.02	0.03	0.04	0.01	0.01	0	0	0.05
0	0.01	0.13	0.17	0.13	0.07	0.09	0.05	0.09	0.05	0.04	0.02	0.03	0	0.02	0.01	0.04	0	0	0.05
0	0.02	0.23	0.11	0.15	0.05	0.08	0.05	0.01	0.07	0.02	0	0.02	0.07	0	0	0	0.01	0.03	0.08
0	0.01	0.19	0.15	0.12	0.12	0.07	0.1	0.02	0.05	0.04	0.03	0.02	0.01	0	0	0.01	0.02	0	0.04
0	0	0.32	0.16	0.13	0.06	0.03	0.06	0.06	0.01	0.03	0.04	0.02	0.04	0.01	0	0	0	0	0.03
0	0	0.19	0.17	0.13	0.03	0.02	0.1	0.08	0.06	0.01	0.04	0.03	0	0	0.02	0.03	0.03	0.02	0.04
0	0.05	0.16	0.1	0.18	0.09	0.03	0.08	0.08	0.03	0.04	0.04	0.01	0.02	0.01	0.03	0	0	0.01	0.04
0	0	0.14	0.13	0.13	0.16	0.07	0.07	0.05	0.04	0.03	0.03	0.02	0.02	0.03	0	0.03	0.02	0.01	0.02
0	0.03	0.14	0.14	0.13	0.1	0.06	0.1	0.04	0	0.04	0.03	0.06	0.01	0	0.01	0.01	0.02	0.02	0.06
0	0	0.23	0.14	0.11	0.08	0.06	0.04	0.02	0.03	0.04	0.03	0	0.06	0.01	0	0.04	0.01	0.03	0.07
0	0.01	0.08	0.2	0.09	0.08	0.1	0.07	0.04	0.08	0.03	0.02	0.03	0.04	0	0.01	0.01	0.04	0.01	0.06
0	0	0.12	0.13	0.16	0.05	0.11	0.07	0.09	0.04	0.02	0.02	0.03	0.02	0.02	0.02	0	0.02	0	0.08
0	0	0.17	0.14	0.06	0.16	0.06	0.09	0.04	0.05	0.02	0.01	0.02	0.05	0.02	0.04	0.05	0	0	0.02
0	0	0.16	0.14	0.11	0.07	0.09	0.04	0.06	0.01	0.07	0.02	0.05	0.03	0.03	0.04	0	0.01	0.03	0.04
0	0	0.22	0.13	0.09	0.12	0.01	0.07	0.02	0.05	0.03	0.03	0.03	0.04	0.02	0	0.03	0	0.04	0.07
0	0.01	0.17	0.16	0.13	0.06	0.07	0.05	0.08	0.05	0.01	0.04	0.03	0.02	0	0.02	0	0.01	0	0.09
0	0	0.14	0.16	0.16	0.1	0.06	0.04	0.04	0.03	0.08	0.04	0.01	0.04	0.03	0.01	0	0.01	0	0.05
0	0	0.13	0.16	0.11	0.08	0.11	0.04	0.06	0	0.04	0.05	0.03	0	0.03	0.04	0.01	0.02	0.02	0.07
0	0.01	0.12	0.14	0.2	0.09	0.06	0.05	0.01	0.09	0	0.02	0.06	0.04	0.01	0.03	0	0.01	0.01	0.05
0	0	0.1	0.14	0.07	0.09	0.05	0.11	0.04	0.07	0.04	0.03	0.06	0.03	0.01	0.02	0.02	0.04	0.03	0.05
#######FLEET 2 DATA#######
1
70
177.417891288901	268.660919135214	238.785762641099	178.75363482514	416.681954533998	366.116657786036	447.428797223106	466.229683401715	539.185223962918	477.134270470665	370.884771708013	391.199294857221	462.071193421518	1313.45394696516	471.17394890477	451.193491967876	493.389905983913	494.809053096856	569.127599950758	581.347770426888	560.627559657369	479.441284883187	495.128704982002	661.380858199657	377.435842021776	523.417058455932	525.944820972334	316.070618950588	418.166818899563	247.475488302673	349.036177622556	339.555583011565	188.307697584047	229.494600259928	274.227607268983	299.143929772547	217.870578177649	515.4087495566	303.451993471064	353.976403798416	309.545391660219	230.898915544487	287.413562983657	255.017326790562	197.536088841244	277.058251719492	213.606741230945	402.731897875012	269.596010980463	176.346423481305	138.155048200374	134.968241937064	138.357967827369	182.484343772319	145.223670331861	127.211120401728	108.105256804078	109.241558852223	165.611288576013	108.033506955166	141.659642823499	89.1803975719299	93.058282329811	144.506838555847	95.0289575418346	100.748901283973	72.3106962370701	121.995444646535	83.6351687617604	92.506036922895
0.05	0.05	0.05	0.05	0.05	0.05	0.05	0.05	0.05	0.05	0.05	0.05	0.05	0.05	0.05	0.05	0.05	0.05	0.05	0.05	0.05	0.05	0.05	0.05	0.05	0.05	0.05	0.05	0.05	0.05	0.05	0.05	0.05	0.05	0.05	0.05	0.05	0.05	0.05	0.05	0.05	0.05	0.05	0.05	0.05	0.05	0.05	0.05	0.05	0.05	0.05	0.05	0.05	0.05	0.05	0.05	0.05	0.05	0.05	0.05	0.05	0.05	0.05	0.05	0.05	0.05	0.05	0.05	0.05	0.05
40
31	32	33	34	35	36	37	38	39	40	41	42	43	44	45	46	47	48	49	50	51	52	53	54	55	56	57	58	59	60	61	62	63	64	65	66	67	68	69	70
100	100	100	100	100	100	100	100	100	100	100	100	100	100	100	100	100	100	100	100	100	100	100	100	100	100	100	100	100	100	100	100	100	100	100	100	100	100	100	100
100	100	100	100	100	100	100	100	100	100	100	100	100	100	100	100	100	100	100	100	100	100	100	100	100	100	100	100	100	100	100	100	100	100	100	100	100	100	100	100
0	0	0.05	0.09	0.06	0.09	0.12	0.12	0.05	0.01	0.03	0.03	0.04	0.02	0.01	0.01	0.01	0.01	0.01	0.24
0	0.01	0.11	0.15	0.12	0.13	0.05	0.06	0.04	0.05	0.01	0.02	0.05	0	0.01	0	0	0.01	0.02	0.16
0	0.02	0.07	0.23	0.09	0.05	0.05	0.06	0.05	0.03	0.07	0.02	0.01	0.05	0.02	0	0.03	0.02	0.01	0.12
0	0.02	0.06	0.27	0.14	0.08	0.05	0.04	0.02	0.01	0.02	0.05	0.01	0	0.02	0.03	0.02	0	0.04	0.12
0	0.01	0.08	0.11	0.17	0.14	0.08	0.06	0.02	0.03	0.04	0.05	0	0.01	0.01	0.01	0.01	0.03	0.01	0.13
0	0.01	0.03	0.2	0.09	0.12	0.12	0.06	0.01	0.05	0.02	0.01	0.02	0.03	0	0.02	0.03	0	0	0.18
0	0.01	0.05	0.17	0.11	0.08	0.14	0.06	0.04	0.03	0.05	0.02	0.01	0.01	0.02	0.01	0	0.05	0.01	0.13
0	0	0.07	0.14	0.15	0.11	0.06	0.14	0.05	0.02	0.03	0.04	0.03	0.01	0.03	0.02	0.01	0.02	0	0.07
0	0.01	0.01	0.24	0.14	0.1	0.07	0.04	0.1	0.08	0.03	0.02	0.03	0.02	0.01	0.02	0.02	0.01	0	0.05
0	0.01	0.06	0.12	0.11	0.13	0.09	0.08	0.06	0.07	0.03	0.02	0.02	0.06	0.02	0	0.01	0.02	0.01	0.08
0	0.01	0.04	0.2	0.13	0.07	0.09	0.05	0.06	0.05	0.07	0.06	0.02	0.03	0.01	0.02	0.01	0.02	0	0.06
0	0.01	0.12	0.12	0.11	0.15	0.09	0.04	0.05	0.07	0.02	0.03	0.03	0.01	0.05	0.01	0.02	0	0	0.07
0	0.01	0.07	0.16	0.09	0.2	0.04	0.09	0.09	0.04	0.05	0.01	0.03	0.04	0.01	0	0.01	0.02	0	0.04
0.02	0.03	0.07	0.23	0.24	0.07	0.06	0.03	0.03	0.07	0.01	0.04	0.01	0.03	0.01	0	0.01	0.01	0	0.03
0	0.02	0.06	0.18	0.13	0.11	0.05	0.09	0.05	0.04	0.06	0.03	0.02	0.03	0.02	0.02	0.01	0	0.02	0.06
0	0.01	0.13	0.05	0.15	0.17	0.08	0.06	0.12	0.04	0	0.01	0.03	0.01	0.01	0.04	0.01	0.01	0	0.07
0	0	0.06	0.19	0.08	0.16	0.08	0.11	0.04	0.04	0.02	0.03	0	0.01	0.05	0	0.02	0.01	0.03	0.07
0	0	0.03	0.1	0.24	0.17	0.12	0.05	0.05	0.04	0.04	0.02	0	0.02	0.02	0.01	0	0.05	0	0.04
0	0.01	0.03	0.16	0.11	0.21	0.07	0.07	0.06	0.03	0.02	0.07	0.02	0.03	0.01	0.01	0	0.01	0.01	0.07
0	0.02	0.05	0.24	0.15	0.08	0.1	0.06	0.02	0.05	0.03	0.01	0.05	0.03	0.03	0.01	0.02	0.01	0	0.04
0	0	0.11	0.15	0.08	0.14	0.07	0.09	0.08	0.07	0.04	0.02	0	0.03	0.02	0.01	0.02	0.01	0.01	0.05
0	0.01	0.04	0.24	0.09	0.09	0.1	0.02	0.1	0.03	0.07	0.03	0.04	0.06	0.02	0.01	0	0.01	0	0.04
0	0	0.08	0.15	0.09	0.08	0.19	0.07	0.02	0.05	0.04	0.04	0.07	0.02	0.01	0	0.01	0.01	0	0.07
0	0	0.08	0.13	0.12	0.17	0.07	0.03	0.07	0.06	0.09	0.05	0.04	0.02	0.01	0	0	0.01	0.02	0.03
0	0.02	0.09	0.24	0.12	0.09	0.12	0.04	0.05	0.03	0.04	0.06	0.02	0.01	0.03	0.01	0.01	0	0	0.02
0	0.01	0.05	0.14	0.21	0.14	0.04	0.1	0.04	0.04	0.05	0.03	0.04	0.01	0.02	0	0.02	0.02	0	0.04
0	0	0.05	0.13	0.15	0.09	0.09	0.03	0.06	0.07	0.05	0.03	0	0.08	0.01	0.02	0.06	0	0.01	0.07
0	0	0.08	0.22	0.14	0.1	0.07	0.04	0.03	0.11	0.01	0.02	0.05	0.02	0.06	0.02	0	0	0.01	0.02
0	0.01	0.09	0.14	0.14	0.14	0.1	0.1	0.03	0.04	0.05	0.02	0.02	0.01	0	0.02	0.02	0.02	0	0.05
0	0	0.08	0.17	0.12	0.14	0.09	0.02	0.04	0.08	0.03	0.06	0	0.03	0	0.01	0.02	0.01	0.01	0.09
0.01	0	0.04	0.18	0.13	0.13	0.06	0.06	0.03	0.08	0.08	0	0.02	0.01	0.03	0.03	0	0.02	0.01	0.08
0	0	0.14	0.08	0.18	0.09	0.1	0.07	0.06	0.02	0.02	0.03	0.05	0.04	0.02	0.02	0.01	0	0.01	0.06
0	0	0.05	0.14	0.08	0.13	0.09	0.11	0.05	0.03	0.06	0.04	0.04	0.03	0.05	0	0.06	0	0	0.04
0	0.01	0.08	0.12	0.18	0.08	0.13	0.05	0.08	0.03	0.05	0.05	0	0.03	0.02	0	0.02	0.01	0.02	0.04
0	0.01	0.08	0.17	0.11	0.11	0.04	0.07	0.08	0.09	0.04	0.05	0	0.01	0.02	0.01	0.03	0.01	0.01	0.06
0	0.01	0.09	0.17	0.15	0.11	0.05	0.04	0.09	0.02	0.04	0.05	0.02	0.02	0.01	0.02	0.01	0.01	0.02	0.07
0	0.01	0.04	0.2	0.14	0.13	0.03	0.05	0.01	0.1	0.04	0.02	0.03	0.03	0.03	0.04	0.01	0	0.01	0.08
0	0	0.05	0.12	0.13	0.14	0.07	0.06	0.03	0.02	0.06	0.02	0.04	0.07	0.02	0.01	0.02	0.03	0.01	0.1
0	0	0.06	0.17	0.08	0.16	0.05	0.02	0.05	0.04	0.05	0.02	0.02	0.04	0.03	0.04	0.05	0.01	0.02	0.09
0	0.01	0.03	0.1	0.08	0.1	0.08	0.11	0.07	0.09	0.02	0.03	0.08	0.02	0.02	0.02	0.01	0.03	0	0.1
#######FLEET 3 DATA#######
1
70
0.0166194378087014	0.0160724734767233	0.026517617715616	0.0242093462320886	0.0312303279856851	0.0512138600385773	0.0328719345468796	0.0377775489519319	0.144436076846737	0.0999774666472903	0.117801198899909	0.166382879809986	0.117018641337145	0.27256933868178	0.338751774437442	0.352164419283049	0.499364082142573	0.383747170711349	0.596000950329931	0.694808532976352	0.409076088111334	0.917249110081006	0.536001253508948	0.770848960597838	1.44866972491508	1.63159869974074	1.70217617876966	3.47702645040104	2.64645539238645	3.99429846080625	5.13098194668143	4.62932350547911	8.31979146499271	11.0525479622231	13.5659542141571	12.5706107968326	11.5944788952768	21.9019186644663	24.2569963821058	38.0563093362932	18.0683691625345	22.2122757941993	44.0836443547236	32.0792655642104	86.5376248141397	56.2209922533879	72.730097006453	47.9122250892754	47.9488288278806	58.8893526317211	81.2680113757274	81.2511692848782	62.819033139614	121.170979402991	154.155852225395	130.554926019256	173.26751094084	135.408277444375	210.125058230374	144.918972630503	138.960666329673	244.749260110098	103.902695983993	98.9434075116183	132.852721949556	161.666272282442	247.476054771933	210.205067644293	170.191394121036	212.916060242327
0.05	0.05	0.05	0.05	0.05	0.05	0.05	0.05	0.05	0.05	0.05	0.05	0.05	0.05	0.05	0.05	0.05	0.05	0.05	0.05	0.05	0.05	0.05	0.05	0.05	0.05	0.05	0.05	0.05	0.05	0.05	0.05	0.05	0.05	0.05	0.05	0.05	0.05	0.05	0.05	0.05	0.05	0.05	0.05	0.05	0.05	0.05	0.05	0.05	0.05	0.05	0.05	0.05	0.05	0.05	0.05	0.05	0.05	0.05	0.05	0.05	0.05	0.05	0.05	0.05	0.05	0.05	0.05	0.05	0.05
10
61	62	63	64	65	66	67	68	69	70
100	100	100	100	100	100	100	100	100	100
100	100	100	100	100	100	100	100	100	100
0.02	0.02	0.03	0.04	0.13	0.08	0.17	0.08	0.12	0.09	0.03	0.1	0.02	0.02	0.01	0	0.02	0.01	0	0.01	0	0	0	0	0	0	0
0.01	0.05	0.04	0.1	0.1	0.12	0.08	0.11	0.03	0.1	0.06	0.07	0.04	0	0.02	0.04	0.02	0.01	0	0	0	0	0	0	0	0	0
0.03	0.04	0.04	0.07	0.12	0.12	0.07	0.16	0.07	0.11	0.05	0.04	0.03	0.04	0.01	0	0	0	0	0	0	0	0	0	0	0	0
0.01	0.05	0.04	0.09	0.1	0.09	0.14	0.07	0.06	0.09	0.09	0.04	0.06	0.02	0	0.05	0	0	0	0	0	0	0	0	0	0	0
0.03	0.03	0.06	0.11	0.12	0.15	0.08	0.11	0.05	0.04	0.04	0.08	0.03	0.02	0.02	0.01	0.01	0.01	0	0	0	0	0	0	0	0	0
0.01	0.04	0.06	0.08	0.16	0.11	0.08	0.14	0.09	0.08	0.05	0.04	0.02	0.01	0	0	0.03	0	0	0	0	0	0	0	0	0	0
0.01	0.05	0.07	0.06	0.15	0.11	0.12	0.1	0.11	0.08	0.02	0.06	0.01	0.04	0	0	0.01	0	0	0	0	0	0	0	0	0	0
0.01	0.03	0.04	0.05	0.11	0.11	0.09	0.08	0.11	0.11	0.08	0.08	0.01	0.03	0.01	0.01	0.01	0.01	0.01	0.01	0	0	0	0	0	0	0
0	0.03	0.04	0.06	0.1	0.12	0.18	0.1	0.13	0.08	0.05	0.01	0.04	0	0.01	0	0.02	0.01	0.01	0	0.01	0	0	0	0	0	0
0.03	0.01	0.04	0.05	0.1	0.07	0.14	0.07	0.04	0.11	0.12	0.05	0.07	0.04	0.01	0.02	0.01	0.02	0	0	0	0	0	0	0	0	0
#######PARAMETER SECTION#######
800	500	1200	-4	800	-0.25	1
0.15	0.01	1	-4	0.15	-0.25	1
-0.33	-5	-0.001	-4	-0.33	-0.25	1
0.15	0.05	0.3	-4	0.15	-0.25	1
0	-10	10	-4	0	5	1
0.7	0.21	0.99	-3	0.7	-0.25	1
13.1223633774043	10	16	-1	13.1223633774043	-0.25	1
0	-1	1	-4	0	-0.25	1
0.3	0.001	1	-4	0.3	-0.25	1
2	-6	6	6	0	36	3
2	-6	6	6	0	36	3
2	-6	6	6	0	36	3
2	-6	6	6	0	36	3
2.7	0.1	10	5	2.7	-0.5	3
5	0.1	10	5	5	-0.5	3
3.3	0.1	10	5	3.3	-0.5	3
2.9	0.1	10	5	2.9	-0.5	3
2.7	0.1	10	5	2.7	-0.25	3
5	0.1	10	5	5	-0.25	3
5	0.1	10	6	5	-0.25	3
1	0.1	10	6	1	-0.25	3
1.95	0.1	10	5	1.95	-0.5	3
2.5	0.1	10	5	2.5	-0.5	3
-14.5565175824042	-18	-10	2	-14.5565175824042	-1	1
0	0	2	-1	1	-1	1
-2.82446660344116	-10	1	1	-2.82446660344116	-1	1
-3.55904393831932	-10	1	1	-3.55904393831932	-1	1
-3.47052072435884	-10	1	1	-3.47052072435884	-1	1
#######DEV CONSTRAINTS and DEVS#######
-10	5	3
-10	5	3
-10	5	3
-5	5	2
-5	5	-3
-3.62857260764829	-2.91623596572025	-3.29204982234922	-2.7093719896734	-2.55916000605489	-2.8852419042057	-2.18552675264737	-1.95035664517097	-1.35348341669267	-1.43763112670026	-1.38471151714409	-1.50965842955817	-1.05162797170568	-0.979508300566977	-0.5396052693747	-0.829783069713325	-0.373814684756216	-0.1966349162224	-0.534473827021742	-0.5004462670683	-0.105401452757674	-0.0505399437724967	0.0768849762318822	0.18264771670095	0.286322263916237	-0.110707509033328	-0.180371027449718	-0.0033057740943887	0.746949561250201	0.543284463352849	0.595018653596089	0.137034699767323	0.607161396946242	0.438955058173628	0.369094001145821	0.52243574506204	0.539516818909899	0.974257469113756	0.324874440447814	0.61551463510512	0.629190911919141	0.478330587099262	0.347610006877419	-0.062236422715483	0.527204957250408	0.980880687723802	0.392625782070779	0.540346893988658	0.675778033858828	0.676415487840847	0.452452731613417	0.54888498325253	0.218562258149266	0.329774665694551	0.30135049179034	0.36640499832661	0.217471462046799	-0.209530011362513	-0.0210494284079874	-0.244455478465253	-0.151467067454813	0.0680913272080379	-0.547954806949519	-0.568612992108209	-0.614980987536305	-0.757410234323296	-1.44648438687073	-1.30820641584053	-1.39979390527706	-1.63607138247466
-1.73651387376336	-1.36406204799258	-1.63879782418872	-1.47186806245778	-0.639786409916937	-1.24138111852979	-0.751738120065212	-0.540860598889056	-0.619285090895566	-0.627390716988724	-0.739055548485191	-0.791422987634562	-0.454446374113662	-0.150136868925153	-0.531156176542517	-0.337009031044532	-0.69536064744287	-0.130619047330935	-0.113480121465258	0.128183319730155	0.0822002077070936	-0.0206269633965426	-0.0387367466504331	0.166940294555499	-0.0566658701719041	0.312093473483942	0.271260557062185	-0.233072721495246	-0.172871354937083	0.0749621538698007	0.245559745981915	0.136124827635911	-0.0280203733847353	0.339043693730277	0.168430751178133	0.61212951876599	0.199003850081306	0.63874138722713	0.326365481247699	0.422005351416884	0.666529425505121	0.395938145651684	0.400755601662473	0.486550949511653	0.281140452158832	0.38820247345184	0.672226348758225	0.651693895468453	0.748405929077732	0.481205175214224	0.0846693945363968	0.0285340492110198	0.263912675902344	0.240791346851776	0.0757858893014487	0.15648808225863	0.0736591871777832	-0.135386905316609	0.35618886602182	-0.100366799609603	0.00525486418610432	-0.374059876222254	-0.441957407086896	-0.327836395151332	-0.498295980302878	-0.553770466751899	-0.71344275259645	-0.275925011480708	-0.572556077464827	-0.826613648613582
-8.68299257277478	-8.53722834037728	-8.27468548069612	-7.9542129303057	-7.99049329022978	-7.57725560682093	-7.69940383638592	-7.43403378801295	-6.90909118433526	-6.64268350358355	-6.60284550632241	-6.54053378394357	-6.42937693353727	-6.18661786036029	-5.88419345528882	-5.79813652093484	-5.4569554331189	-5.19758165056425	-4.95709736874169	-4.55354028394128	-4.96681343203356	-4.01184528034441	-4.29102264871275	-4.33471259886052	-3.86340791009427	-3.51440441082364	-3.71213854477926	-3.0530529293026	-3.19185381280845	-3.09365263646929	-2.51585495574074	-2.34096019146017	-2.05573399048051	-2.04715740752007	-1.91060117392711	-1.88154124827648	-1.59414619275601	-1.29874100350538	-1.05283028729846	-0.598280335066394	-1.1920391387177	-0.892819364281247	-0.00870327116177405	-0.479508220051014	-0.167639024791971	0.0442209616993847	0.253788943229118	0.22053179482678	0.298286424799112	0.452322737649682	0.549718898402767	0.628597934464964	0.493088275024881	0.960418569021499	1.06850763436963	0.887050903808035	0.999376134077109	1.14659717660206	1.12457931904021	1.18788785501086	1.06147746068289	1.33120616501101	0.886259091063593	0.885482161331047	1.15695550430172	1.19397439413956	1.3349598558287	1.28875988920621	1.30139594141627	1.21976982381589
0.119254967420084	-0.562579308962911	-0.126900862254726	0.55176507961077	0.143023243537942	-0.367839354129324	0.000728941370455996	0.15690158983323	0.475180115408691	0.418846317472578	-0.202473067071337	0.456681993297767	-0.258544753920001	0.205255294483159	-0.262035585453337	-0.14920357019259	-0.27178987836558	-0.218941587529744	-0.0902717292768893	0.403290714299417	-0.322367672921466	-0.749270142522325	0.237698802604705	0.345019185523659	-0.0629853624561794	-0.0586101433532796	0.205198460663021	-0.327604826701331	0.0354054595897688	0.505597051576675	0.748154692238266	-0.163175021173191	0.317610729970737	0.112939138482014	0.0137977205924302	-0.0159005937701891	-0.0729236824414657	0.322333710494371	-0.106798909702301	0.319694213424216	-0.0236863962616397	0.256027746219376	-0.160315503186942	0.583205484448973	-0.371510056685008	-0.0658520952775361	0.121049034251578	-0.247240549921752	0.183550055879942	-0.293179105995294	-0.0104638349515597	0.0438906914558752	0.0604324323791635	0.0392364705822001	0.0229898051955827	-0.178860150623886	-0.171313459859899	0.1135405541471	-0.641015866367107	-0.0868725843095207	-0.282541612032254	-0.050081945301986	0.160893128146519	0.0859657629329676	-0.117078869949495	-0.167726798471471	-0.233690843811562	-0.372186252373059	0.217462926646811	-0.118789536601909
0	0	0	0	0	0	0	0	0	0	0	0	0	0	0	0	0	0	0
#######LIKELIHOOD WEIGHTS#######
1
1
1
1
1
1
1
0
1
0
0
0
#######MISCELLANEOUS STUFF SECTION#######
2.5e-08
3
0.5	0.5	0.5	0.5	0.5	0.5	0.5	0.5	0.5	0.5	0.5	0.5	0.5	0.5	0.5	0.5	0.5	0.5	0.5	0.5
0.0229773699100256	0.320821300824607	0.904650535100891	0.994779874306442	0.999738809680904	0.999986992871533	0.999999352405202	0.999999967758134	0.999999998394772	0.99999999992008	0.999999999996021	0.999999999999802	0.99999999999999	1	1	1	1	1	1	1
-271137
0.0235
2.7404
400
55523
0.287	0.1759792801193	0.132022496201968	0.108661299094371	0.0942993988531853	0.0846675465228519	0.077825606931164	0.072764585810839	0.0689076795269988	0.0659011342931163	0.0635158610596277	0.0615969267102038	0.0600357793207891	0.0587541014686506	0.057693981378564	0.0568116932474071	0.0560736285799928	0.0554535568705771	0.0549307341081924	0.0544885671406719
0
10
0.2
1
1
1	0	0	0	0	0	0	0	0	0	0	0	0	0	0	0	0	0	0	0
0	1	0	0	0	0	0	0	0	0	0	0	0	0	0	0	0	0	0	0
0	0	1	0	0	0	0	0	0	0	0	0	0	0	0	0	0	0	0	0
0	0	0	1	0	0	0	0	0	0	0	0	0	0	0	0	0	0	0	0
0	0	0	0	1	0	0	0	0	0	0	0	0	0	0	0	0	0	0	0
0	0	0	0	0	1	0	0	0	0	0	0	0	0	0	0	0	0	0	0
0	0	0	0	0	0	1	0	0	0	0	0	0	0	0	0	0	0	0	0
0	0	0	0	0	0	0	1	0	0	0	0	0	0	0	0	0	0	0	0
0	0	0	0	0	0	0	0	1	0	0	0	0	0	0	0	0	0	0	0
0	0	0	0	0	0	0	0	0	1	0	0	0	0	0	0	0	0	0	0
0	0	0	0	0	0	0	0	0	0	1	0	0	0	0	0	0	0	0	0
0	0	0	0	0	0	0	0	0	0	0	1	0	0	0	0	0	0	0	0
0	0	0	0	0	0	0	0	0	0	0	0	1	0	0	0	0	0	0	0
0	0	0	0	0	0	0	0	0	0	0	0	0	1	0	0	0	0	0	0
0	0	0	0	0	0	0	0	0	0	0	0	0	0	1	0	0	0	0	0
0	0	0	0	0	0	0	0	0	0	0	0	0	0	0	1	0	0	0	0
0	0	0	0	0	0	0	0	0	0	0	0	0	0	0	0	1	0	0	0
0	0	0	0	0	0	0	0	0	0	0	0	0	0	0	0	0	1	0	0
0	0	0	0	0	0	0	0	0	0	0	0	0	0	0	0	0	0	1	0
0	0	0	0	0	0	0	0	0	0	0	0	0	0	0	0	0	0	0	1
80
71
2
1
#######END OF DATA FILE#######
999
